100000000867
100000002199
100000002215
100000003091
100000003611
100000005649
100000005739
100000006539
100000006605
100000007745
100000009249
100000009481
100000009491
100000010101
100000011845
100000012867
100000014949
100000015129
100000016197
100000018629
100000018905
100000020745
100000020995
100000021457
100000021809
100000022389
100000022963
100000023659
110020471524
110100014563
110100016128
110100016928
110100018567
110100116027
110100116425
110100118262
110100218963
110100233064
110100316824
110100335662
110100335769
110100373124
110100373323
110100373324
110100435160
110100471223
110100473723
110100473728
110100516923
110100571025
110100618866
110100635169
110100712925
110100718463
110100733863
110100816527
110100871523
110100971227
110100973127
110100973325
110100973722
110101012127
110101016425
110101018166
110101035168
110101073925
110101135660
110101135762
110101135965
110101173822
110101210260
110101212225
110101212423
110101212760
110101214060
110101235060
110101316729
110101410323
110101418660
110101471028
110101473121
110101473127
110101512129
110101514165
110101516029
110101533769
110101571227
110101610924
110101612464
110101612966
110101614761
110101615827
110101616563
110101617428
110101635666
110101773023
110101812824
110101835266
110101835960
110101873228
110101912627
110101914169
110101918461
110101918861
110101973123
110102016521
110102016929
110102033866
110102073423
110102116327
110102118363
110102216925
110102233866
110102271022
110102271223
110102273920
110102318762
110102373022
110102433761
110102435969
110102471526
110102473829
110102512322
110102518366
110102573127
110102573829
110102614966
110102633869
110102714566
110102718968
110102812428
110102873623
110102912923
110102916425
110102935764
110102935869
110102973121
110102973524
110103012724
110103014960
110103114568
110103171529
110103218065
110103271022
110103271023
110103273428
110103273521
110103310265
110103316827
110103318360
110103335561
110103335964
110103371528
110103373823
110103410321
110103412227
110103412521
110103435169
110103473821
110103535760
110103573128
110103610226
110103610624
110103618367
110103633066
110103635662
110103712528
110103773627
110103814269
110103816422
110103912022
110103916629
110103918465
110103973726
110104014968
110104016529
110104018068
110104035067
110104071525
110104073325
110104114363
110104114763
110104118266
110104173828
110104212722
110104212728
110104214966
110104216225
110104216429
110104235569
110104273023
110104273026
110104312128
110104314162
110104316526
110104318467
110104335165
110104412126
110104473727
110104510423
110104512427
110104535863
110104612528
110104612722
110104612729
110104616720
110104618168
110104618561
110104618969
110104633861
110104671228
110104673024
110104714965
110104771028
110104816620
110104818961
110104833060
110104916925
110104918761
110105018564
110105071220
110105071524
110105135068
110105173922
110105212323
110105218762
110105218868
110105233765
110105273422
110105273627
110105312725
110105416729
110105471022
110105471527
110105473021
110105473120
110105533061
110105571025
110105571220
110105616028
110105635765
110105733861
110105773127
110105816322
110105816325
110105816925
110105818765
110105918168
110105918862
110105935367
110105971529
110106018669
110106135162
110106218168
110106316023
110106316221
110106333067
110106471526
110106473824
110106516228
110106535860
110106573622
110106573626
110106616927
110106771524
110106814562
110106835060
110106835564
110106918868
110106918969
110106933065
110106973026
110107112064
110107112066
110107112460
110107118069
110107118564
110107214661
110107218467
110107235065
110107273224
110107312826
110107316628
110107318566
110107335169
110107335361
110107373223
110107412666
110107433862
110107435562
110107473221
110107510269
110107518362
110107614362
110107614869
110107616826
110107671522
110107673022
110107673128
110107718064
110107718564
110107810163
110107818267
110107871221
110107935869
110107973027
110108016128
110108135466
110108171225
110108216222
110108216225
110108218562
110108316723
110108318163
110108418561
110108473623
110108510166
110108514568
110108535769
110108571023
110108573121
110108610860
110108614063
110108635968
110108671026
110108716829
110108735869
110108773421
110108835663
110108910466
110108935961
110108973320
110108973626
110109016122
110109035065
110109035665
110109035966
110109112227
110109112328
110109118264
110109135968
110109212720
110109214161
110109235366
110109271220
110109412026
110109418763
110109435364
110109435767
110109435861
110109512922
110109516526
110109533062
110109533867
110109535069
110109571020
110109612027
110109633760
110109673325
110109716425
110109814360
110109816220
110109816921
110109817028
110109912528
110109933067
110109973427
110120010069
110120010368
110120010467
110120017167
110120018668
110120118569
110120214063
110120233867
110120333761
110120414363
110120435466
110120535865
110120618160
110120618969
110120635765
110120714560
110120718063
110120818361
110121033764
110121073827
110121271527
110121533063
110121635164
110121671227
110121671529
110121835365
110121873229
110121916524
110121916926
110122033067
110122073020
110122133766
110122135967
110122173029
110122216422
110122316122
110122433864
110122473320
110122473325
110122635067
110122635365
110122673324
110122718267
110122718469
110122735161
110122873229
110122935068
110123173220
110123233866
110123235469
110123335269
110123335966
110123373627
110123373925
110123473826
110123533769
110123635962
110123673827
110123733766
110123735466
110123871226
110123873023
110123935963
110124033765
110124073521
110124173720
110124473727
110124573127
110124673626
110124773329
110124773920
110124873523
110125033068
110125133867
110125173825
110125235064
110125235762
110125335865
110125435960
110125535166
110125633861
110125635360
110125635368
110125733861
110125735163
110125735965
110125773428
110125773824
110125818266
110125835968
110125935169
110125935462
110125935667
110126035568
110126118463
110126135060
110126135762
110126518267
110126635864
110126833769
110126933866
110127233761
110127433763
110128133065
110128335369
110128935463
110129033763
110129073022
110129116920
110129371021
110129416326
110129733764
110140073223
110140273629
110140373920
110140516227
110140673121
110140673520
110140673921
110140916128
110140973328
110141071029
110141073326
110141073921
110141373926
110141471025
110141473121
110141473822
110141873821
110141971227
110142071026
110142073823
110142271228
110142373521
110142471521
110142573721
110142673128
110142771522
110142973323
110143271529
110143473324
110143473424
110143571026
110143573325
110144373323
110144673129
110144871526
110145273327
110145473425
110145473928
110145473929
110145573522
110145873623
110145973528
110146171522
110146173524
110146473628
110146673325
110146873728
110146973021
110147012227
110147073427
110147073827
110147214221
110147217829
110147473428
110147516521
110147573322
110147573323
110147612227
110147612927
110147673629
110147716420
110147771220
110147771525
110147871222
110147873823
110147912726
110147971227
110148073929
110148173828
110148273729
110148273921
110148473225
110148573420
110148671526
110148716327
110148773229
110148773927
110148916325
110148973025
110148973425
110149271227
110149571227
110149973725
110149973928
110160435964
110160535169
110160933068
110160935961
110162333762
110162435968
110162533763
110162635461
110162735260
110162735960
110165033060
110165535566
110166035162
110166035865
110166133066
110166635960
110166933869
110167135263
110167233069
110167635569
110168318162
110168435362
110168733864
110168818263
110168818460
110168833061
110168833866
110168835267
110168933860
110169433767
110169433861
110169535568
110169735664
110169835566
110171035461
110171233760
110171333863
110171335465
110171535066
110171933067
110173435764
110173735765
110174433865
110174435668
110174635565
110174733866
110174735465
110177333860
110177335961
110177535565
110177618268
110177835761
110178033062
110178033761
110178433867
110178535168
110178633760
110178635464
110179033067
110179433863
110179433867
110179435266
110179835662
110179935966
110180173720
110180473122
110180473127
110180473423
110180971529
110183073520
110183871522
110184271020
110184271224
110184271227
110184473423
110184816222
110184873322
110185571225
110185773820
110185873329
110185873822
110186373327
110186573825
110186673723
110186771521
110186873923
110187473120
110187473922
110187873426
110187973328
110188373122
110188473421
110188473629
110189071527
110189116123
110189816822
110300373722
110300473620
110300473824
110300873523
110301073429
110301873229
110302673820
110302873128
110302971020
110302973725
110303471528
110303671228
110303773025
110304073825
110304773822
110304903625
110305973627
110306171223
110306273421
110306473723
110307473828
110308371021
110308471526
110308573121
110308673624
110308871022
110309073520
110309173925
110309373528
110309373922
110309473222
110309473925
110320073729
110320416427
110320673823
110321371029
110321973424
110322071224
110322471228
110322773326
110323673427
110324373326
110324671225
110324871220
110325173123
110328116923
110328516729
110329873329
110340373425
110341271522
110342373125
110342671021
110343173128
110343271220
110343271224
110343471529
110345473124
110345973327
110346571522
110346673325
110346973828
110347173323
110347473428
110347773922
110347873425
110348573128
110383773825
110384771029
110385314420
110385973425
110387373325
110700035965
110700133063
110700518264
110700535864
110700835163
110700835369
110701035665
110701118567
110701935864
110702135067
110704235869
110705633760
110706433763
110706733762
110706735968
110707435764
110707435966
110707735865
110708835862
110709435863
110720333062
110720833062
110720835164
110721735168
110722135965
110722633764
110723635264
110723835462
110725535265
110725735165
110726633066
110726735269
110727533766
110727935469
110728035261
110728733765
110729233866
110762035165
110762035166
110765035967
110766235262
110768033069
110768135468
110768735463
110769835864
110772233767
110772533761
110775418867
110775833764
110775918969
110776135467
110776835866
110777733761
110778135265
110778735262
110810210870
110811617277
110812310876
110812817379
110813517372
110814317374
110814917372
110815810572
110816617372
110817517376
110817517677
110817617373
110818010579
110819910876
110835417770
110835710872
110836910877
110837010876
110837910879
110838217176
110839117379
110839710571
110840017071
110840172772
110840510570
110841317371
110841417374
110841517472
110842110874
110842217279
110842517774
110843010875
110844017273
110845217271
110845410875
110845617176
110846310578
110846710576
110848210971
110848417174
110848917574
110849210573
110849917473
110870717673
110871171774
110871317476
110871372070
110872010977
110873510972
110873517474
110874017076
110874910973
110875110976
110875217675
110875317374
110876510578
110878010579
110878810871
110879017577
110879310875
110879710573
110879910974
110910217078
110910217679
110910317173
110910472672
110911017373
110911117172
110911210871
110911317370
110911517075
110911517277
110911617178
110911617778
110911817871
110911910878
110912110976
110912117278
110912310872
110912417074
110912517678
110912917272
110913010872
110913010974
110913017076
110913417478
110913510572
110913517373
110913710573
110914017677
110914117674
110914117975
110914417374
110914417679
110914610574
110914610971
110914710970
110914917671
110915610870
110915717275
110915717377
110916017074
110916110874
110916310577
110916617670
110916917276
110917010979
110917072179
110917117379
110917172874
110917172978
110917217677
110917271379
110917272076
110917272871
110917310974
110917372977
110917417472
110917474574
110917517678
110917571673
110917575077
110917610878
110917717677
110917771076
110917771676
110917817573
110917872478
110917917871
110917972676
110918110873
110918517073
110918617274
110919017270
110919217377
110919417070
110919417879
110919472075
110919472273
110919517070
110919610871
110919617877
110919672076
110919710870
110919710876
110931017279
110931717075
110932610576
110932810870
110932810973
110934017079
110934617478
110934717271
110934810879
110935117278
110935317076
110935317571
110935410877
110935617073
110935617373
110935910973
110935972871
110936117871
110936172470
110936217379
110936272371
110936310876
110936417674
110936417776
110936672279
110936872678
110937017475
110937310572
110937410576
110937510970
110937517371
110937610575
110937717072
110938417371
110938517272
110938617870
110938810979
110939110877
110939210878
110939717373
110939917071
110940071176
110940072878
110940273976
110940274270
110940472875
110940517071
110940517672
110940574777
110940617772
110940617970
110940717479
110940771573
110941317677
110941472972
110941717470
110941717676
110941772676
110941872378
110941872576
110942017879
110942072276
110942117278
110942172176
110942172676
110942217574
110942217875
110942417271
110942417679
110942471271
110942471278
110942517972
110942571077
110942671173
110942671279
110942671776
110942672172
110942810977
110942871971
110942874471
110942971377
110942972672
110943172477
110943310576
110943372074
110943472677
110943571072
110943772178
110943872874
110943917078
110943917977
110943971577
110943971777
110944110577
110944117276
110944217977
110944372077
110944410874
110944472178
110944517472
110944572377
110944717373
110944717974
110944817478
110944910972
110945010872
110945117875
110945171879
110945217470
110945272575
110945471076
110945471079
110945510975
110945517571
110945672471
110945717477
110945771473
110945772874
110945772979
110945817875
110946072872
110946117072
110946171573
110946174272
110946179976
110946271378
110946310576
110946317174
110946373379
110946374275
110946379471
110946410870
110946417978
110946571177
110946617979
110946672970
110946771777
110946772873
110946810575
110946810879
110946817075
110946817176
110946817373
110946871178
110946871876
110946874472
110946971374
110946972272
110947017375
110947017977
110947072071
110947117179
110947117776
110947117870
110947172076
110947172775
110947317970
110947472072
110947617779
110947771077
110947910577
110947971374
110948071475
110948072174
110948172371
110948272976
110948317677
110948417776
110948472378
110948517771
110948517776
110948572872
110948717077
110948772176
110948817475
110948872775
110948972271
110949017274
110949071770
110949072276
110949117471
110949117770
110949217571
110949271075
110949271275
110949517370
110949517772
110949617970
110949672370
110949817670
110970317671
110970674872
110970679372
110970717072
110970717479
110972210874
110972317279
110972917374
110973010975
110973210574
110973317374
110973410970
110973472370
110973617676
110973817570
110975217372
110975517678
110975710879
110975817479
110975817879
110975917574
110976010878
110976272373
110976472371
110976517078
110976910575
110978210876
110978517578
110978717673
111100548352
111100846452
111101446450
111101848352
111103046055
111104448355
111107046452
111107046858
111107646458
111108346851
111108546956
111108748352
111109246053
111120013098
111120016997
111120113490
111120116990
111120213090
111120316992
111120348559
111120385693
111120446055
111120513319
111120516312
111120516398
111120613595
111120613997
111120648557
111120813090
111120813595
111121348353
111121819256
111122013810
111122016993
111122313517
111122413011
111122413811
111122413918
111122513116
111122513214
111122813996
111124113513
111124116119
111124213095
111124213719
111124313599
111124313998
111124316396
111124416192
111124513814
111124616394
111124713292
111124946853
111125746457
111126413611
111126413710
111126613691
111126785212
111126913294
111126916195
111126946957
111127546652
111127548552
111127948354
111128013092
111128013211
111128016311
111128085690
111128113016
111128213092
111128213212
111128313012
111128313491
111128413016
111128413590
111128485699
111128713595
111128713918
111128813512
111128913511
111129146854
111129214456
111129216310
111129280395
111129348557
111129616197
111129813299
111129848557
111129916118
111129916191
111140048356
111140113412
111140146453
111140148551
111140246958
111140413693
111140448756
111140513793
111140516914
111140516917
111140516991
111140613097
111140746950
111140916195
111141013517
111141013518
111141113491
111141116997
111141213292
111141213711
111141213898
111141413113
111141585217
111141585692
111141613791
111141616114
111141616393
111141713094
111141716397
111141885692
111141913998
111142013010
111142048355
111142113716
111142313413
111142313799
111142546553
111142613214
111142613810
111142619551
111142716191
111142816191
111142816192
111142913512
111142916312
111143013511
111143013614
111143085293
111143113196
111143113296
111143113998
111143185014
111143213218
111143213596
111143216311
111143216315
111143313095
111143313811
111143346457
111143413110
111143413691
111143416995
111143448755
111143516110
111143516112
111143585699
111143616392
111143713694
111143785092
111143785717
111143813110
111143885298
111144013096
111144348550
111144446559
111144513511
111144516999
111144713692
111144716111
111144748551
111144813414
111144813595
111145013091
111145013318
111145013498
111145080595
111145181019
111145185513
111145188215
111145213514
111145213599
111145213799
111145213994
111145285610
111145316914
111145380695
111145484019
111145484414
111145485610
111145489899
111145489911
111145513015
111145580198
111145585195
111145585295
111145613812
111145680010
111145680592
111145685199
111145685816
111145713811
111145713892
111145716395
111145716997
111145785791
111145785994
111145813697
111145816115
111145885194
111145946455
111146013290
111146013797
111146116914
111146116995
111146213091
111146513518
111146613013
111147013998
111147113995
111147148753
111147213311
111147246559
111147313392
111147313717
111147313890
111147413010
111147413298
111147416113
111147416191
111147448551
111147516310
111147613793
111147713294
111147716316
111147813019
111147816115
111147913392
111147913597
111147913690
111147913792
111148013493
111148013713
111148213315
111148213913
111148216996
111148316919
111148413012
111148513610
111148813091
111148813098
111148816398
111148913096
111148916914
111149013016
111149116194
111149213499
111149213590
111149216114
111149613715
111149713516
111149713695
111149716193
111149716394
111149716996
111149746452
111149816311
111149913713
111149916314
111150013699
111150013911
111150013990
111150085290
111150185698
111150213516
111150280417
111150280717
111150313110
111150313816
111150385319
111150385912
111150413195
111150413617
111150485893
111150513396
111150513790
111150513995
111150580515
111150585293
111150585495
111150613495
111150616316
111150680016
111150680313
111150784295
111150785892
111150813918
111150880618
111150884092
111150884595
111150885317
111150913496
111150916399
111150980717
111151113617
111151216393
111151216990
111151246057
111151285416
111151313091
111151313411
111151313414
111151313611
111151313711
111151313816
111151316193
111151316997
111151413896
111151416198
111151485417
111151485615
111151485819
111151585595
111151713094
111151713199
111151785410
111151785413
111151846858
111151913697
111151913710
111151985196
111152080490
111152080714
111152116112
111152180910
111152213195
111152213891
111152280891
111152280898
111152284692
111152285896
111152313414
111152316998
111152480894
111152485395
111152485599
111152513699
111152513999
111152580710
111152584293
111152585112
111152613318
111152616914
111152616996
111152680192
111152680594
111152680691
111152684099
111152685990
111152713393
111152713516
111152713913
111152780010
111152784610
111152784716
111152785714
111152785796
111152813411
111152880998
111152882319
111152882993
111152913096
111152913816
111152916399
111152980492
111152984699
111153013216
111153113397
111153113712
111153116999
111153185815
111153216391
111153316999
111153380293
111153413410
111153413415
111153413998
111153416310
111153485098
111153485391
111153513693
111153516197
111153585898
111153613317
111153713697
111153713895
111153713917
111153785294
111153785993
111153813394
111153813590
111153916919
111153985499
111154080795
111154085612
111154113091
111154113212
111154113216
111154116194
111154116992
111154185114
111154185591
111154185617
111154213194
111154285195
111154285491
111154285494
111154319351
111154380110
111154385216
111154413517
111154413618
111154416111
111154416313
111154482219
111154485511
111154485517
111154585012
111154585495
111154613298
111154616914
111154646957
111154680213
111154680216
111154680718
111154680916
111154785191
111154785214
111154880198
111154885315
111154885411
111154885919
111154913317
111154980696
111154980893
111154980899
111154982010
111154984611
111154985994
111154989698
111155016113
111155113911
111155116312
111155148551
111155185498
111155280090
111155313191
111155480018
111155480699
111155485315
111155513497
111155585911
111155613512
111155613917
111155616996
111155685418
111155685693
111155716398
111155813511
111155816119
111156084514
111156113494
111156113798
111156116992
111156185390
111156185792
111156185897
111156213014
111156285092
111156313417
111156316396
111156380295
111156380710
111156384698
111156413715
111156480711
111156480811
111156484616
111156513317
111156580094
111156585614
111156616192
111156713092
111156713399
111156713816
111156780118
111156785391
111156885112
111156885596
111156913191
111156916994
111156985617
111156985895
111157013599
111157113110
111157180217
111157216991
111157313098
111157313116
111157313495
111157513615
111157585690
111157613215
111157616390
111157685097
111157685510
111157685693
111157685796
111157713392
111157713891
111157716391
111157716399
111157716999
111157885119
111157913111
111157913618
111158013416
111158013712
111158013790
111158013910
111158016111
111158080415
111158085719
111158085991
111158113792
111158116990
111158185913
111158213794
111158280214
111158285490
111158385194
111158480096
111158513191
111158580017
111158585216
111158685597
111158685613
111158685792
111158713112
111158785011
111158785591
111158785619
111158816998
111158880218
111158880598
111158916115
111158980613
111158985995
111159013798
111159016110
111159085718
111159113215
111159180214
111159180595
111159185416
111159213017
111159280511
111159280712
111159313013
111159313697
111159313817
111159513599
111159585319
111159585892
111159613598
111159685013
111159785118
111159816190
111159816319
111159885710
111159913895
111190313094
111190316113
111190513297
111190613916
111190885815
111191113211
111191113710
111191113891
111191213791
111191216993
111191613099
111191613695
111191616991
111191913092
111192085096
111192113690
111192413410
111192513991
111192613419
111192616317
111192713011
111192716392
111192885590
111193316117
111193316995
111193613014
111193613691
111193716190
111193716992
111193913294
111193916390
111195013090
111195013698
111195016193
111195316316
111195613598
111195616998
111195713013
111195816397
111195913494
111196116395
111196185410
111196216397
111196285416
111196313095
111196313313
111196313610
111196385694
111196413192
111196516111
111196613612
111196913017
111196913596
111196916195
111197016315
111197213016
111197513413
111197816198
111197916993
111199013499
111199113594
111199113894
111199113993
111199213496
111199213794
111199213998
111199413211
111199413599
111199416999
111199513912
111199613299
111199713218
111199913115
111420113096
111420416998
111420816114
111420916195
111421113519
111421413592
111421516317
111422616193
111422713616
111423116193
111423313993
111423385799
111423413590
111423913092
111424013299
111424816195
111426016393
111426616993
111427013292
111427113013
111427313615
111427713015
111427713194
111427713699
111427813617
111427884416
111428213212
111428213613
111428516314
111429213296
111429216192
111429316390
111429513694
111429913010
111440816999
111441513612
111442113296
111442613214
111442616315
111443516317
111444713616
111445113218
111445513796
111445713619
111445816395
111445913018
111446116390
111446716995
111446816393
111447613514
111449713512
111449813617
111450013598
111450113915
111450213092
111450513498
111450613418
111450816113
111450913713
111451016316
111451016392
111451113615
111451413590
111451513217
111451513710
111451713510
111451713694
111451813296
111452116119
111452213298
111452413190
111452613716
111452713115
111452913491
111453313794
111453513797
111453616317
111453616991
111453913596
111453916112
111454013591
111454113017
111454113411
111454313597
111454313598
111454413710
111454685990
111454816317
111454913213
111454913597
111455213897
111455385098
111455416919
111455613214
111455613815
111455613816
111455716311
111455716990
111455913198
111456413719
111456416114
111456813491
111458313613
111458413419
111458813716
111458816199
111458913295
111459413495
111459413692
111459516111
111459813898
111490613297
111491416318
111491416397
111491416919
111492113212
111492316113
111492613094
111493313294
111493413698
111493616192
111493916113
111495016991
111495116192
111496616396
111496713390
111496713392
111496713394
111497416397
111499113395
111499281510
111499295391
111499513915
111721448557
111721848750
111800046854
111800246852
111800346058
111800448556
111800648757
111801019258
111801019456
111801119054
111801146654
111801148552
111801148557
111801346250
111801346550
111801646356
111801646357
111801919858
111801946553
111801948551
111802546452
111802746459
111802946054
111802948351
111802948759
111803014051
111803112058
111803119353
111803119554
111803146854
111803214455
111803219950
111803319951
111803410053
111803514453
111803646252
111803714751
111803714852
111803719050
111803719452
111803814652
111803815850
111803846950
111804046752
111804346953
111804348357
111804546158
111804948555
111805046055
111805248355
111805646859
111805948759
111806246455
111806248559
111806446857
111806448755
111806848556
111807048556
111807646859
111808046453
111808046455
111808148557
111808246559
111808348756
111808519456
111808546154
111808546651
111808746359
111808748755
111808846057
111808948355
111809046558
111809219854
111809346854
111809419451
111809446356
111809448356
111809448554
111809519851
111809519856
111809646555
111809646757
111809746752
111809946659
111820046654
111820146952
111820246150
111820646752
111820648751
111822015959
111822346558
111822346951
111822446550
111822448752
111822519457
111822746750
111822946750
111824546855
111824946852
111824946958
111825146259
111825748759
111826046951
111826146151
111826448354
111826848357
111826848752
111827346751
111827446059
111827446450
111827619852
111827746957
111840048354
111840214350
111840215850
111840319457
111840446654
111840515656
111840614558
111840846552
111841414852
111841414957
111841546855
111841614452
111841646155
111841646859
111841648756
111841746957
111841819156
111842014056
111842114259
111842346656
111842412056
111842412850
111842419258
111842419658
111842619552
111842712656
111842715452
111842717354
111842746558
111842814256
111842815756
111842819456
111842846558
111842946957
111843046255
111843146456
111843146659
111843148552
111843346658
111843348357
111843414458
111843446853
111843519652
111843546553
111843546850
111843546953
111843619958
111843746456
111843846055
111843919151
111844048759
111844246051
111844419852
111844419953
111844446857
111844546750
111844546758
111844619852
111844648351
111844648751
111844746057
111844748755
111844819150
111844846153
111844846452
111844846757
111844919754
111844946856
111845015256
111845015455
111845046654
111845115250
111845115653
111845119252
111845119658
111845146952
111845414756
111845446052
111845446753
111845446852
111845515452
111845519655
111845546655
111845614053
111845619956
111845646353
111845646650
111845648356
111845714551
111845719459
111845946055
111846146056
111846146358
111846146956
111846246158
111846248357
111846314852
111846346253
111846348550
111846446657
111846514254
111846514657
111846519854
111846619953
111846819450
111846846354
111846846755
111846914457
111846946259
111847019951
111847114257
111847119252
111847148358
111847214054
111847219352
111847314357
111847315852
111847319057
111847414150
111847614357
111847714554
111847714955
111847715853
111847746856
111848046756
111848219958
111848319751
111848646058
111848646459
111848719150
111848719251
111848746653
111849146057
111849146656
111849148552
111849346057
111849446551
111849619556
111849946851
111849946859
111850546059
111850646852
111850846250
111851146450
111851746456
111851748756
111853146257
111853146859
111853446051
111853748359
111853748752
111853848353
111854246450
111854346050
111854346758
111854546956
111854746457
111854946459
111855248359
111855319156
111857019052
111857146159
111857548355
111857619457
111857848358
111858046253
111858848553
111858946856
111859648751
112500065003
112500069386
112500165783
112500265503
112500265603
112500265886
112500369183
112500369304
112500565402
112500569609
112500865800
112500869680
112500965082
112501065383
112501065906
112501165683
112501269600
112501365207
112501365282
112501365886
112501369304
112501565603
112501565605
112501569608
112501665180
112501669183
112501765203
112501765707
112501865409
112501869686
112501965087
112501965606
112502069683
112502165083
112502365285
112502369300
112502465809
112502469186
112502569189
112502865487
112502865800
112502869181
112502965002
112502965807
112503065602
112503065682
112503065702
112503065883
112503165088
112503365389
112503469189
112503565103
112503565686
112503569680
112503665603
112503669602
112503765188
112503765603
112503765608
112503765683
112503769600
112503965709
112503969680
112504165488
112504169688
112504265487
112504265809
112504365409
112504465005
112504465181
112504465802
112504565206
112504665284
112504765800
112504865402
112504965901
112505169180
112505265485
112505265505
112505265807
112505565003
112505565080
112505569182
112505665906
112505765807
112505769300
112505865402
112505869388
112505969182
112505969607
112506065584
112506065601
112506065909
112506084509
112506084901
112506087909
112506183704
112506265482
112506265709
112506283209
112506283386
112506283588
112506283802
112506365780
112506365806
112506365807
112506380489
112506383706
112506465683
112506469301
112506481305
112506481486
112506486588
112506487502
112506565505
112506569307
112506583582
112506680281
112506680400
112506683082
112506765384
112506765786
112506780506
112506865285
112506865787
112506865881
112506883880
112506965201
112506965502
112506965604
112506983603
112506983983
112507265585
112507365084
112507365889
112507465408
112507965980
112508065407
112508065582
112508165380
112508265083
112508265183
112508365508
112508383089
112508483089
112508565081
112508583185
112508583586
112508583907
112508665703
112508669300
112508783087
112508783282
112508783480
112508783588
112508783902
112508865005
112508865306
112508865385
112508865800
112508983407
112508983589
112509065488
112509165809
112509265485
112509465900
112509669381
112509765285
112520069181
112520180509
112520183084
112520265008
112520269386
112520365007
112520383208
112520465387
112520469182
112520483002
112520483487
112520565482
112520565489
112520565680
112520583082
112520583809
112520680509
112520769304
112520769607
112520865107
112520865989
112520965181
112520980404
112520983104
112521065806
112521069685
112521080282
112521080284
112521080883
112521165104
112521165907
112521169182
112521180009
112521180080
112521183307
112521269605
112521365587
112521383184
112521483488
112521565806
112521583985
112521765303
112521765501
112521769607
112521783704
112521865883
112521869380
112521883700
112521969382
112521983085
112521983606
112522065683
112522065687
112522065709
112522069189
112522080304
112522080600
112522169606
112522169682
112522180681
112522180700
112522184002
112522265884
112522265985
112522269304
112522280785
112522283004
112522365585
112522369301
112522380109
112522382501
112522382506
112522383384
112522383505
112522480205
112522482585
112522483488
112522483582
112522565408
112522580602
112522580706
112522582201
112522665207
112522683601
112522765709
112522783184
112522786184
112522880082
112522880101
112522883305
112522965289
112522980887
112522982287
112522982807
112522983485
112523069609
112523165089
112523183583
112523183704
112523265303
112523283787
112523365806
112523369380
112523383286
112523383700
112523465109
112523465689
112523565308
112523665089
112523665303
112523665503
112523665706
112523683203
112523765283
112523769184
112523783205
112523865209
112523865901
112523880508
112523883388
112523980704
112523980889
112523983688
112524065500
112524082009
112524082603
112524082886
112524086982
112524165105
112524165202
112524165384
112524165583
112524165703
112524165907
112524169380
112524183503
112524183585
112524183806
112524280004
112524280985
112524282088
112524282505
112524283485
112524284480
112524365604
112524365903
112524369186
112524380201
112524380286
112524469305
112524469387
112524483181
112524483702
112524565287
112524565908
112524565982
112524583289
112524682581
112524682987
112524683289
112524683684
112524769185
112524783409
112524783589
112524865586
112524883280
112524980406
112524980583
112524980684
112525065302
112525065984
112525069689
112525080981
112525083004
112525083708
112525183109
112525183908
112525265688
112525269386
112525280607
112525283484
112525283488
112525283506
112525365085
112525365381
112525365588
112525380800
112525480485
112525480486
112525483008
112525483489
112525565088
112525565202
112525565586
112525565606
112525565788
112525569308
112525569389
112525580882
112525583403
112525665108
112525665109
112525665885
112525669389
112525780005
112525780509
112525780803
112525782008
112525783284
112525783503
112525865109
112525865689
112525880504
112525880588
112525883304
112525883705
112525965387
112525965401
112525965606
112525965609
112525965709
112525965909
112525983505
112525983785
112526165182
112526183009
112526183088
112526183905
112526265705
112526280502
112526365202
112526365602
112526365686
112526365988
112526469300
112526669184
112526680408
112526680504
112526683502
112526783806
112526865004
112526869307
112526883282
112526883886
112526965401
112526965889
112526983307
112526983484
112527065105
112527080007
112527082088
112527083008
112527165288
112527165604
112527180886
112527180900
112527183205
112527265608
112527265786
112527280200
112527283188
112527380386
112527380485
112527383289
112527465083
112527482088
112527483486
112527483703
112527483709
112527580004
112527665900
112527680685
112527680706
112527765089
112527765189
112527780880
112527782583
112527783406
112527865707
112527869184
112527880483
112527882506
112527883883
112527983709
112528065682
112528165509
112528180088
112528265489
112528269381
112528280202
112528280906
112528365403
112528383800
112528483203
112528483487
112528483700
112528483703
112528783909
112528865482
112528883809
112528883884
112528965885
112528983180
112529065989
112529265806
112529283204
112529283609
112529283989
112529365504
112529369187
112529369306
112529383381
112529480084
112529480788
112529483303
112529483383
112529565007
112529665305
112529665402
112529665687
112529683080
112529683109
112529683807
112529765202
112529765883
112529769186
112529769605
112529780501
112529783101
112529883686
112529883689
112529965181
112529965805
112529983300
112530065703
112530169607
112530265705
112530269308
112530365901
112530365907
112530565904
112530565985
112530665003
112530665488
112530665784
112530865005
112530865783
112530965188
112531069301
112531165089
112531269607
112531365001
112531365081
112531769382
112531769609
112532065805
112532069681
112532183585
112532183588
112532265006
112532265408
112532465801
112532565383
112532569186
112532569603
112532583481
112532665409
112532883581
112532965409
112533065486
112533069382
112533165581
112533365885
112533565288
112533665088
112533869686
112533969687
112535065489
112535165307
112535165703
112535165808
112535169605
112535265405
112535369385
112535665105
112535765308
112535965482
112536165008
112536265584
112536265588
112536465482
112536565480
112536665402
112536765802
112536965102
112536969185
112537069682
112537465704
112537465803
112537565109
112537565501
112537565789
112537565901
112537765008
112537783000
112537865483
112537883587
112537965381
112537965684
112538369681
112538769689
112538865402
112560065506
112560169609
112560465785
112560480105
112560483284
112560665207
112562183588
112562265288
112562283404
112562465702
112562565489
112564065188
112564065684
112564165905
112564269188
112564483004
112564483584
112564565901
112564565903
112564582782
112564765600
112564965781
112564969385
112565069385
112565265707
112565365102
112565765303
112565865582
112567169689
112567265085
112567365303
112567465700
112567583282
112567765801
112567965407
112567965783
112569065800
112569165084
112569283288
112569365281
112569365881
112569465503
112569665280
112569665405
112569683402
112569765705
112569965380
112600069386
112601269682
112601565286
112601665487
112602565508
112602769305
112603669307
112603765087
112604165081
112605869685
112606165104
112606165286
112606269181
112606769184
112606965705
112607565507
112608169601
112608269600
112609665587
112620465883
112620465906
112620565505
112620665886
112620965202
112621365984
112621369305
112621465982
112621469600
112621665085
112622465786
112622665481
112622765783
112622965285
112623665707
112624165003
112624665401
112624665508
112624665986
112624765604
112624783980
112624965482
112624965883
112625265408
112625365789
112625465182
112625465706
112625965680
112626165589
112626465086
112626465486
112626565505
112626565787
112626665101
112626669388
112626683581
112626983008
112627065486
112627165583
112627365982
112627465500
112627465986
112627469389
112627565904
112627665008
112627865283
112627865705
112627965583
112627965607
112628565284
112628965501
112629065907
112629265504
112630965588
112631969601
112633069189
112633165483
112633365905
112633765982
112635269380
112635769302
112635769305
112636765000
112637465805
112637665482
112637769304
112638169309
112638169389
112638269609
112638365408
112660065586
112660369684
112661165284
112661165382
112661182507
112661265083
112661665808
112661665809
112661780085
112661865406
112661865589
112661865781
112661965908
112662169680
112662869306
112662869602
112663065701
112663465887
112663669686
112664069380
112664265883
112664465206
112665165584
112665469389
112665965582
112667065904
112667269309
112667365205
112667565400
112667665289
112667965289
112668169606
112668280089
112668465209
112668465481
112668465708
112668665701
112668865587
112669069389
112669165089
112669665408
112669769684
114110480039
114111580337
114112082732
114112180035
114112280331
114115080031
114115882138
114116780332
114117182939
114117282737
114119093733
114119182936
114119480833
114121480536
114124480637
114125280038
114125482733
114125680032
114125782733
114126180033
114127595632
114127793338
114127980039
114127980231
114128780034
114129880030
114129980036
114140280831
114140482730
114140794037
114141280231
114141280634
114142280239
114142280531
114142380637
114142620239
114143082138
114143180838
114144080131
114144180439
114145082139
114145180530
114145280634
114145380030
114146093032
114146782930
114147782736
114148682133
114148682939
114192480039
114192780036
114192882933
114193180630
114193480536
114193482133
114196982738
114198382735
114198580836
114198791335
114199482132
114199780132
114199882136
114199882737
114566769846
114602267940
114604067443
114604267440
114605569646
114605769143
114606067141
114606167747
114606267944
114606667445
114606867548
114606967249
114607667443
114607969849
114620269640
114620367143
114620369844
114621069143
114621069647
114621069649
114621567445
114622067146
114622367246
114622567446
114623067544
114623067740
114623869848
114624119149
114624167740
114625367243
114625667545
114625869146
114626067242
114626767540
114626967143
114627267443
114628167340
114628269843
114628367644
114628867741
114628967348
114629767841
114631969847
114632967546
114632969144
114632969844
114636169847
114637669844
114638267247
114638869141
114638967246
114660167447
114660267443
114661153748
114661952543
114662867948
114664967742
114665567246
114666067044
114666067045
114666467047
114666667741
114667569842
114667569843
114667967940
114668067441
114668569841
114669367244
114669367248
114669767547
114710380333
114710380632
114710382139
114710480233
114710493531
114710580831
114710680534
114710682736
114710780536
114710782931
114710980535
114711080036
114711180131
114711380537
114711480933
114711580033
114711580138
114711580536
114711680736
114711680934
114711780831
114711780937
114711880830
114711893033
114711980638
114711980738
114712180631
114712382736
114713180539
114713182731
114713280333
114713382935
114713480633
114713482733
114713680839
114713682732
114713782131
114713880230
114713882138
114714082937
114714182735
114714580231
114714982733
114715098437
114715291133
114715293832
114715391839
114715393334
114715491534
114715498139
114715498237
114715893733
114717080034
114717080532
114717680132
114718280038
114718280438
114718380130
114718493339
114718580030
114718582139
114718680139
114718682931
114718693336
114718980732
114719180133
114719180839
114719193631
114719280137
114719393336
114719393531
114719393931
114719682739
114719880938
114719893330
114719980830
114721482134
114721482934
114721580430
114721680838
114721780835
114721882936
114722280538
114722282133
114722393330
114724082131
114724180433
114724380233
114724980639
114725180232
114725480231
114725780032
114725880032
114725880530
114725882733
114725980536
114726380432
114726480030
114726582939
114727080339
114727280033
114727380633
114727382730
114727480433
114727582731
114727780839
114727782934
114727880137
114727882139
114728380239
114728480236
114728480532
114728480630
114728480635
114728880630
114728980238
114729182939
114729680530
114729980036
114740080033
114740280737
114740294037
114740297338
114740298539
114740382737
114740391838
114740393339
114740482933
114740494238
114740580432
114740591631
114740680037
114740780437
114740891037
114740893131
114740982930
114740994634
114741093030
114741093230
114741180338
114741180339
114741182932
114741193339
114741280239
114741380832
114741382735
114741480234
114741580638
114741680234
114742082130
114742093833
114742194036
114742380731
114742391633
114742393138
114742393736
114742493238
114742580135
114742591333
114742682130
114742694538
114742893637
114742980331
114743080739
114743093230
114743180332
114743182932
114743193438
114743280830
114743293730
114743380330
114743491536
114743591434
114743793532
114743980734
114743993332
114744080132
114744080531
114744080733
114744080832
114744091437
114744093836
114744093839
114744093936
114744180230
114744180930
114744182131
114744193033
114744280539
114744291131
114744291631
114744293735
114744294034
114744380433
114744393537
114744480733
114744491238
114744493035
114744591230
114744593536
114744691032
114744882139
114744891839
114744893432
114744980437
114744980939
114744991038
114744991433
114745093637
114745380532
114745393231
114745480533
114745493936
114745582736
114745680536
114745682931
114745682939
114745782139
114745880137
114745882938
114745980934
114745993331
114746082734
114746094239
114746180234
114746193339
114746291730
114746291931
114746294330
114746294336
114746380834
114746380838
114746382137
114746382933
114746393135
114746393839
114746480132
114746482937
114746491234
114746493831
114746680931
114746780533
114746791130
114746791737
114746793336
114746794131
114746794837
114746891331
114746891837
114746980039
114746982134
114746982934
114746991032
114746993637
114746993831
114747080930
114747082131
114747182131
114747280035
114747280635
114747291336
114747380838
114747393138
114747491032
114747582131
114747591036
114747682139
114747793437
114747793939
114747880236
114747991537
114748080936
114748180530
114748280937
114748293136
114748380533
114748380832
114748580537
114748680132
114748693638
114748780235
114748782939
114748791336
114748880031
114748880237
114749291536
114749293931
114749380939
114749393037
114749480632
114749493735
114749593731
114749680432
114749793832
114749880236
114749991831
114749991836
114749991838
114790093334
114790280037
114790280636
114790380033
114790394739
114790480139
114790580836
114790580933
114790593036
114790780535
114790880730
114790880938
114790982935
114792182137
114792482139
114792580339
114792680131
114792682734
114792682930
114792980934
114793093030
114793182132
114793782135
114793893333
114793980631
114793980635
114794080631
114794280831
114794780031
114796682138
114797480134
114797880134
114797980038
114800069146
114800069644
114800267947
114800667945
114800967443
114801169643
114801267742
114801269642
114801367843
114801469649
114801553443
114801553941
114801867943
114801869840
114802167543
114802167748
114802269148
114802367541
114802567940
114802967548
114803053842
114803167844
114803255041
114803350446
114803353642
114803367748
114803367949
114803369141
114803467348
114803553046
114803567544
114803569144
114803667549
114803853842
114803867449
114804267346
114804567240
114804669142
114804967448
114805569643
114805667141
114805769149
114805867449
114805967341
114805967449
114806169647
114806267248
114806353143
114806353247
114806353340
114806353946
114806367248
114806467448
114806553440
114806653947
114806667745
114806853949
114806967547
114807367844
114807567946
114807667045
114807767848
114807767949
114807867946
114808067949
114808867542
114809067942
114809167445
114809167949
114809469145
114809767448
114809767943
114820050540
114820053747
114820056043
114820067549
114820250243
114820253246
114820253642
114820269149
114820350441
114820367342
114820453745
114820552046
114820552340
114820553541
114820567649
114820667543
114820669848
114820752540
114820767445
114820767647
114820850343
114820867041
114820867649
114820967948
114821050242
114821053541
114821067243
114821167748
114821253147
114821353144
114821353648
114821369644
114821853640
114821867747
114821967147
114822050841
114822053145
114822067748
114822252541
114822350548
114822352948
114822369140
114822467141
114822467445
114822467840
114822567340
114822567849
114822653041
114822653544
114822753245
114822753847
114822767544
114822852846
114822855448
114822952943
114822956549
114822956841
114823050544
114823167446
114823253040
114823253542
114823267740
114823367044
114823367448
114823453341
114823567044
114823567341
114823653944
114823669644
114823750446
114823867749
114823967149
114824067040
114824153248
114824153844
114824253749
114824267240
114824269140
114824352944
114824367246
114824367942
114824369843
114824450943
114824467040
114824469148
114824469846
114824553147
114824553747
114824653043
114824653549
114824753243
114824853147
114824853349
114824953547
114825067443
114825169649
114825269142
114825367249
114825367547
114825467642
114825553146
114825553547
114825650845
114825669148
114825753045
114825867447
114825867640
114825953442
114825967045
114826050041
114826067046
114826067145
114826069144
114826350742
114826369143
114826467248
114826467448
114826550440
114826550942
114826853848
114826867643
114826867746
114826953940
114827053441
114827067146
114827153946
114827267143
114827367046
114827467341
114827567249
114827667541
114827753642
114827953245
114827969140
114828053145
114828150148
114828153749
114828253743
114828267341
114828367747
114828450149
114828467848
114828553544
114828650842
114828652942
114828667243
114828752546
114828753945
114828850443
114828867643
114829050942
114829067343
114829153049
114829167946
114829169644
114829267541
114829467047
114829469149
114829553041
114829553942
114829567944
114829650745
114829653141
114829653740
114829753741
114829967048
114829967341
114831069842
114831369841
114831969641
114832153542
114832667941
114832953749
114833069145
114833069146
114833267241
114833567048
114833667244
114833767347
114833867941
114833967041
114834467147
114834867942
114834967147
114836369640
114836469149
114836869646
114837067742
114837167440
114837769145
114837867948
114837869148
114837869849
114838167746
114838467346
114838669649
114838953544
114839067441
114839267145
114839269847
114839467343
114839467743
114839469847
114860069143
114860267446
114860267743
114860267747
114860467941
114860667644
114860967940
114862267147
114862367148
114862367947
114862567445
114862667346
114862753444
114862767040
114862969140
114864667143
114864667440
114865153947
114865167546
114865267049
114865267842
114865367843
114865453949
114865653740
114865667845
114868267642
114868367541
114868467442
114868467547
114868567347
114868567441
114869267343
114869567242
114869867443
