114740494336
112604565504
114807967747
114746791939
110769035269
112601065483
111150813197
111150485518
111192985615
110972110877
112522080286
112537065502
111154216992
110841917471
114747093030
110720333862
110106073127
112524683303
112525865003
112505665581
111840346157
111151085616
111820646451
111151048759
114713880631
110103035961
112636469305
110109435962
111427680311
114746294334
110100516927
110768435262
110162333763
112624265285
111156285515
110120818763
110972010573
111145646155
110946517073
110107314260
110104135766
111142213719
111141148759
111145113690
112633765980
111803019358
114724980831
111192016992
111140816993
111192016994
111424516195
112606865503
110973417573
111445516391
114718380138
110147512426
114828353645
111122585710
110707718262
111140616311
111499288696
111159785590
114728482938
112538665085
111155413119
114829453440
111803414657
110103818368
110104133765
111143716998
111158046857
114127982730
114710280330
112520480908
111125948556
110972233869
114826653842
114193782931
112529883284
114715093138
111847219350
114740291737
112567165082
110173735067
110120235163
111143213214
114822467743
110911117473
111805448355
111191113892
112536969382
112529780903
114713680039
111193516198
112528965802
114743380139
114664067242
110778833068
111845546158
110919317676
112523980980
114793982133
112630165684
112630165687
114838769848
114829553849
111143813311
111124885697
114824450242
111847819457
112506765508
114729380038
111840919753
114148780233
112526080202
110169735369
100000004297
110840817871
112603369680
111846346959
111196313810
111141116117
111153613015
112529983703
112507369689
111442516193
111122213091
100000008425
110123333867
110937917676
112522780907
110871417070
111803115758
111855446254
110103773424
114721280238
110103318768
114149380338
110105616625
114821167348
114744793336
110107635963
111840614653
114746593534
114722380031
110167335168
111195816193
111841446154
114745893131
111453313292
114116180237
110919010573
110140516622
111103146254
112520880402
114821869843
112524583187
110910417174
110140371226
110948210970
112532365600
111808446757
111154385190
112567769382
110707335463
111199113514
110935372074
111120646450
111142248754
110169035061
110189816120
112529365304
110102516029
112524069182
114113780031
111158280511
110917472575
110386471229
114145780035
112506669381
111158280517
110703733064
111126616394
110104273226
114834467146
110140373325
110818617676
111427916111
111455713616
114714982736
112501383504
111195613519
114822852949
111154485595
111128613212
112627265884
111448916318
114119180639
112509765981
112630880609
111159085411
114748180835
111158880614
111156013415
114116180330
114822467947
111152685418
112601665901
110100773229
114717882734
114741793138
111442813299
110106216824
111496313211
114822953342
112628865407
111140948351
110142273922
110148473220
112538069381
110189373829
114744693136
111822846352
110386971026
114714280339
110103173522
110102712725
114742491538
114718282135
114743882135
110102516127
111842519459
114747380133
110168535461
110102012329
110306773420
110306671021
112508465582
110707018160
112526283186
111150680499
110103318964
114605867445
111842646453
114746880437
114117380538
110916217274
112631969689
110948272573
110109512126
111158585793
110169635266
111150885314
112600369604
110104918469
111492716998
110975672773
111159413192
114803567042
110771435969
110910917072
114118582737
114715582930
110185773523
114743282133
112628365782
112524780000
111853746658
111158413795
112661969380
111440116199
114620867048
110125435369
111441613290
112636369388
111422716397
110174335469
110186373621
110105673726
112667869687
110917917177
114828653049
110975017470
110814910976
112638165506
114724080131
114749880834
110917472770
111845446150
112627165705
110940772875
114804767245
111426013714
111806546451
112504365586
112632369685
114824653340
114748680733
111445916190
110165735968
110165735969
110945917472
114744080931
114121280036
112609065505
112628269606
112606265900
112506087981
111192216111
110104418863
110106716721
111191413295
110919672372
111157113396
112501365303
111803814458
111445813819
110917317179
112500365885
112502469180
114796180032
112525083201
111158385216
114719380036
114145180232
111121646154
112626565707
111457016397
111450513999
111822219856
110107114064
114740593235
111156716118
112529865303
111143613016
112521980508
110943572576
110817317476
114745580133
112527065700
110168318567
110188071528
110725835367
111848919658
110949417577
111192785515
111195413097
111858446957
110917417577
111151116914
111152413299
111145648756
114802369141
111107248758
111150613111
114825050747
112623469181
111140913790
112624165501
100000000637
112508269183
110124933762
111154317958
114825267847
111140446856
111156585095
111158585992
114142280331
111151213197
112529765006
112527383184
114606967441
110838717074
110915517077
112532865686
111497116313
114144080539
112529683100
112524583581
111440513694
110109035167
114829550241
110106018469
110729433767
111840946858
111126516395
110106333869
110304373423
110973917873
110944072373
110120635062
111157848759
111421313718
110109416120
100000000695
110845717176
114728880830
111426316999
110168933065
112529083082
111143885515
110917417675
114662167246
112529083087
112623065808
110345571023
110917579474
112537565906
110946917076
114825353940
114832767946
111800748759
114632069848
114745182937
111196685016
114149180130
110140173027
112532065000
110323473128
114639667947
112526965483
110879417072
114742391537
111842919154
110911310579
111154785012
111427113719
112526265081
111143785210
111455613692
111842214652
110300973823
110108973825
110122035969
114715693831
111155585799
110104333064
110108633866
111147246357
112523883286
111129213718
112565465881
111147213597
110386873121
112630883107
110775235364
111143113510
111459013417
110169133867
112661383981
112532765487
112536865585
110917575474
112520469301
110846872376
110916610874
111441216319
110129873728
111845514053
111143213894
111147346758
112522482504
111456613196
111840146253
111147313998
112506665809
114828553044
114833267542
114715980635
110103135068
111840619356
110100573022
111142116191
112606069604
110917372773
110102373224
112626865001
112529683306
111141813099
112503165805
110104071021
111496416113
110101412724
110107816821
110101416823
110342671225
110941717376
111159284612
111854846853
112524565381
111822846855
111142916996
114724580233
114740294533
110346173324
110945471377
111840314259
112603165587
110108771221
110164435861
110129716122
114566069148
112527969181
110842110879
111148813216
111847246754
111128716195
114806367141
112530265000
110101210025
114803653544
111444116392
111842646952
110321071020
112524483506
110101273529
111147613113
110934610875
112630889401
111453813696
114828667841
112520983489
111150816196
111158680516
112661365702
114838553543
111854046152
110729733065
110919672772
112523283403
114825450443
111854148557
112524665806
110938010574
114808767440
110103712721
100000000975
112522882002
110975910871
110775935963
110101416924
114742782939
110103735262
114722980832
112533769188
114666750948
110169433063
110943974376
111848446952
110169535466
111145485291
111144246251
112525380589
111803446250
110934510570
112621265904
111141946353
111150380018
112523883506
110105035764
114715880435
114869267443
114664467447
110938110972
110914917373
111141413892
112622365700
114825767946
111158146058
110105916426
114639250446
110129435664
111429913618
110109312020
112508765205
111152516117
112503665687
114710182934
114744691737
114803567644
112627065885
112501783581
112624182308
112527080485
111143013416
112506481705
114148082730
112522665003
111156913197
112560880686
110386273326
111156585519
111158713393
110942972975
110328673326
114196782132
110970317876
111844019253
111846519859
110811810873
110101210169
114740380730
112536265788
110700518460
111455413310
110105973822
111157113919
111102348353
114836569147
112504769606
110109510726
112528065608
112564165706
111154185291
114722780238
110945672272
110104910929
111154113616
111840314452
114826669140
111155213398
112520969304
110940871771
111199513693
114664467549
110872417375
111453316193
114666067047
111155213415
111855848553
114117680234
110101410923
114742580330
110844017771
111155985518
110944472174
110383373424
111806346350
112605865080
111444313210
110120535163
112630881405
110779735166
110107212927
111158613118
111154982015
114803567744
110721533061
110147873928
111849946250
111144416395
112626869388
110917471370
111101146253
112527580304
110838217874
111802948755
110943071379
110104673429
110125673624
110769835164
100000013471
111159846050
111159985317
111155713191
114115280039
110709533865
110167633067
114710082738
110108914867
111108248756
112507665589
112504069300
112522982583
111124413619
114110282938
100000013499
110973017275
111840519357
114743993534
110347773120
111159813313
114809167042
110100473027
111147846852
111858148552
112520080588
110108216527
111149548752
110948717776
114725782738
110910317775
111150480594
110129673423
111195413718
111806346452
110101535960
112660565208
110109512920
111157585115
112524180700
110100614366
112625065188
114609267941
110109633766
111158385895
111154785510
112529765604
112508265706
112527080683
110919310572
110108314863
112503665905
110941172979
114826167540
114832567540
111143585014
114711282935
112524682486
114127598837
110100135162
111445613819
111140513019
110104435965
110104016123
110308973825
111140846850
112502969604
110722018567
111844846857
114742480138
110122716427
111456513292
111157685517
110871010573
112630265100
111141813519
112503565588
114748380436
110913617173
111421685014
111154113817
110107335962
112525983005
114126482732
114621467949
111191416111
110708235569
110769935666
112567065907
110918710578
110109812021
111128913211
110129435964
111155813695
110145971520
112501665087
110879917378
114144580931
110122118467
112506383683
110107673925
112527580488
111153313096
114148582733
114624269646
111858748752
112502965585
114834867540
111499185495
114806353241
112527383901
112525280609
110934017378
110105816425
114831867243
112661065085
112527283582
110109373823
114803467646
111421713791
111156084098
111146313096
111159885194
114809367947
114629967245
111451913614
111845246352
112508765586
114825350547
110103612820
114606269843
111152713113
110189573529
110325773723
111151713699
111855046051
110323273125
111157716390
110941672871
110944071078
111849414057
111104146853
111149213091
114820967845
111124313517
110309973423
111451813295
110945217971
110704735669
112527265206
112522980789
114824367544
112529065401
111151285692
112501083581
111428816318
111496113599
111122613697
111809148353
114667967946
111455413711
110103512529
112528983508
112504483284
110105316822
110301771223
114712382939
111154984413
114190880234
112526783986
111153413618
111152213492
110101710325
112501069304
114633969145
114145682939
111455313410
114748780034
111143785990
110945517072
114746291731
112501169684
111150485014
110173535767
112533169687
111155916313
110845117977
112630283803
110147016220
110949617178
110120914462
110917471779
111145180710
114743180839
111858048553
114831867442
114725580339
114746580535
110871672376
112602365501
110145773120
112623865408
111426113092
110879317573
110102816326
111145489991
111454682697
114748491338
112565069387
112537165386
112530265680
110873910872
110935610972
114828269148
110102273628
114603667041
111495513698
110946571875
111446416995
111147716197
110169935461
112524287589
111141316195
110344871529
110174133865
110101573228
111440213612
114669569648
112520365686
111154013815
111444113015
110108610169
110103135866
110326873722
112506084989
110147673726
114142080637
110101714560
112502965889
110168735364
114806967941
111145746054
110189973127
110166635464
110940771978
114715793035
111195113099
110387771022
111145385614
110109718160
110101212820
114715293332
110946317975
114119380632
114803553948
112669765281
111803848354
112608065187
111842815652
111153413793
114865467046
111844048553
114718082730
114724380332
110102318767
114110082736
112520765105
110934310577
110104573620
111826546357
111128116917
114869067447
112521080506
110912310972
110729535166
111457216190
114743191231
112522180286
110940317379
111825948356
114719080133
112504469188
114742580935
112604065480
110765635269
114115180230
112500565708
110108133069
114718580430
114603269840
114622469843
111152285395
111454113491
110913517272
111156313817
110875117276
114824150749
111150280414
111199913695
112626865887
114193080031
110106318562
114821953246
114802867940
114827853544
114838767340
112605665004
110326071020
111454113518
111124246257
111845146354
114823769843
110347173623
112626665209
110104035068
112606965500
111495913217
112530165506
112523765507
110931017474
111149313797
110143973128
111103948552
114626469642
114831269642
112625665800
114746797837
110945672974
112664065806
111842619152
114832967441
112526665489
112520769300
114717882133
111145985815
112621965082
110942971674
110101614364
112524480287
112537165603
110323871524
110103418663
111149913897
110174433068
111857346350
112506580783
111152713518
112506883889
114745093938
110120118067
110948017974
112520183608
110103635769
114822969145
111143616312
111196585790
111159148351
110128535360
110126333764
110101612364
110108616525
112529983309
110942717776
114715993936
114800269141
111152113493
110942572373
110104371029
114864367449
114825869145
114803750746
114622967644
110300073821
111157985115
114627469147
112503865184
114822553442
111140646759
111157813096
111150880617
114198280039
112503365483
112524865387
111151413097
112527480686
111499116394
114822250346
112663365489
114742493038
114824767347
111156780916
111499513717
110942971770
111155380091
111145580413
110943172478
111803412352
111496013699
112504465284
111122513795
110146971528
114834567049
114822850442
112509265803
112521865100
112521983887
114747393936
112532365201
114740891537
112528183187
111150485396
111152682899
114801153942
112531865488
112633565081
114826753946
111454113691
114740498332
112524965789
111155416990
110834917279
111491516319
114197680032
110913410973
111154880416
112531169187
111153313695
114602569640
111456413617
110187673522
114796382136
111803619257
111443185594
112529283003
100000014271
112529180609
114743193538
111849148355
111152680899
110842847173
111840546758
111156713412
114110980037
111842748353
110945972170
114110480331
114823167941
110124773325
111842346958
110305773523
110105135060
112526665683
112569165782
111427680219
111156813790
110840717279
112667965407
114823653342
112538765283
114800467942
112621969383
110104573927
114198880234
100000020459
112500369387
111853746157
110101471220
111143313396
111126048756
111857346552
111122616314
110105018366
