100000000013,100000000695,100000000949,100000000975,100000008995,100000009611,100000013089,100000014271,100000018979,100000020459,100000021111,100000022571,110100014369,110100118669,110100218568,110100333868,110100473524,110100514164,110100516927,110100518665,110100618863,110100735566,110101118860,110101571523,110101612364,110101615925,110101973024,110102614369,110102714469,110102716828,110102771220
100000000111,100000001215,100000001557,100000001963,100000002111,100000002179,100000002307,100000003091,100000003611,100000004359,100000004453,100000004529,100000005091,100000005513,100000005649,100000005755,100000006005,100000006123,100000006397,100000006539,100000006569,100000006933,100000007073,100000007283,100000007329,100000007397,100000007457,100000007533,100000007639,100000007753,100000008481
100000000127,100000003875,110104216429,110104273627,110104712428,110105135566,110107473526,110141873422,110184673828,110702535263,110769312666,110811217475,110838974174,110910572771,110911917173,110936310876,110945271372,110946217972,111122948752,111128713311,111142646750,111143913713,111145013119,111150113219,111151513291,111154312659,111154346151,111154446151,111154548556,111154913317,111156280012
100000000231,100000002535,100000009743,100000015153,110020771524,110100373324,110100435463,110100516923,110100635169,110101073925,110101312427,110101612767,110102812428,110103310422,110103316029,110103416322,110103573723,110103712428,110103810425,110103918764,110104035165,110104418469,110105073125,110105173927,110105273120,110105318964,110105573723,110105773225,110105918862,110106835662,110106835863
100000000379,100000000867,100000010101,100000014311,100000018413,100000018629,100000018905,100000020995,100000021809,100000023563,110100016928,110100073025,110100116024,110100118265,110100171526,110100218869,110100233064,110100316920,110100416123,110100471223,110100471527,110100473324,110100473723,110100533768,110100571025,110100673622,110100733863,110100871523,110100935160,110100971227,110100973722
100000000393,100000004317,100000012931,100000020599,110100273825,110100335267,110100418369,110100518264,110100712727,110100935462,110101118767,110101210461,110101212568,110101212927,110101273028,110101273826,110101373824,110101435960,110101516321,110101612425,110101616522,110101635063,110102418265,110102435468,110102612327,110102718168,110102733061,110103014161,110103114566,110103335262,110103471227
100000000423,100000003685,100000007409,100000007785,100000010177,110100216329,110100218569,110100218662,110100335161,110100371520,110100971224,110101816829,110102173429,110102318762,110102518560,110102614268,110103116721,110103173124,110103335766,110103512423,110104433063,110104718768,110105135768,110105216428,110105318663,110105516325,110105571220,110105835168,110105835269,110105873027,110106035169
100000000459,100000001445,100000003097,100000006981,100000007955,100000008427,100000009463,100000013205,100000013499,100000014259,100000014383,100000016843,100000017177,100000017281,100000020301,100000023341,110020673328,110020773124,110101012725,110101016424,110101018269,110101018362,110101018862,110101073020,110101073129,110101210069,110101214466,110101216527,110101235966,110101273529,110101312828
100000000465,100000000745,100000001711,100000002055,100000002199,100000003067,100000003483,100000003891,100000004867,100000005055,100000006333,100000007609,100000008483,100000010239,100000010247,100000011131,100000011427,100000011591,100000011653,100000011845,100000012133,100000012219,100000014423,100000014745,100000015129,100000015433,100000017255,100000017367,100000017469,100000017691,100000018141
100000000471,110104618763,110165635565,110340773823,110385073721,110837110871,110872917478,111452313691,111803748357,111846646650,111858046452,112533769607,112668069607,114838267347,100000001601,100000011741,100000014899,110102912126,110107518068,110108233062,110108335867,110120014666,110120635765,110147516621,110164135163,110167435562,110168233860,110168535360,110168835566,110183016829,110183073129
100000000637,100000006327,100000011325,100000012213,100000014963,100000018097,100000019085,100000019489,100000021395,110101018063,110101112925,110101173725,110101216425,110101235363,110101273629,110101333767,110101335867,110101412525,110101514562,110101518665,110101612421,110101615825,110101617728,110101718068,110101814865,110101818768,110101912129,110102073220,110102116324,110102216020,110102273628
100000000695,100000000013,100000000949,100000000975,100000008995,100000009611,100000013089,100000014271,100000018979,100000020459,100000021111,100000022571,110100014369,110100118669,110100218568,110100333868,110100473524,110100514164,110100516927,110100518665,110100618863,110100735566,110101118860,110101571523,110101612364,110101615925,110101973024,110102614369,110102714469,110102716828,110102771220
100000000745,100000000465,100000001711,100000002055,100000002199,100000003067,100000003483,100000003891,100000004867,100000005055,100000006333,100000007609,100000008483,100000010239,100000010247,100000011131,100000011427,100000011591,100000011653,100000011845,100000012133,100000012219,100000014423,100000014745,100000015129,100000015433,100000017255,100000017367,100000017469,100000017691,100000018141
100000000755,100000001195,100000001803,100000002245,100000002581,100000003941,100000005805,100000005955,100000008131,100000008565,100000012885,100000013669,100000014641,100000016219,100000017345,100000017505,100000018941,100000019777,100000020921,100000022963,110100618866,110100735369,110101173122,110101212760,110101212961,110101314366,110101471522,110101610768,110101616262,110101616563,110101618167
100000000867,100000000379,100000010101,100000014311,100000018413,100000018629,100000018905,100000020995,100000021809,100000023563,110100016928,110100073025,110100116024,110100118265,110100171526,110100218869,110100233064,110100316920,110100416123,110100471223,110100471527,110100473324,110100473723,110100533768,110100571025,110100673622,110100733863,110100871523,110100935160,110100971227,110100973722
100000000949,100000000013,100000000695,100000000975,100000008995,100000009611,100000013089,100000014271,100000018979,100000020459,100000021111,100000022571,110100014369,110100118669,110100218568,110100333868,110100473524,110100514164,110100516927,110100518665,110100618863,110100735566,110101118860,110101571523,110101612364,110101615925,110101973024,110102614369,110102714469,110102716828,110102771220
100000000975,100000000013,100000000695,100000000949,100000008995,100000009611,100000013089,100000014271,100000018979,100000020459,100000021111,100000022571,110100014369,110100118669,110100218568,110100333868,110100473524,110100514164,110100516927,110100518665,110100618863,110100735566,110101118860,110101571523,110101612364,110101615925,110101973024,110102614369,110102714469,110102716828,110102771220
100000001023,100000000013,100000000111,100000000127,100000000231,100000000371,100000000379,100000000393,100000000423,100000000459,100000000465,100000000471,100000000637,100000000695,100000000745,100000000755,100000000867,100000000949,100000000975,100000001195,100000001215,100000001231,100000001295,100000001343,100000001445,100000001505,100000001557,100000001575,100000001601,100000001683,100000001711
100000001195,100000000755,100000001803,100000002245,100000002581,100000003941,100000005805,100000005955,100000008131,100000008565,100000012885,100000013669,100000014641,100000016219,100000017345,100000017505,100000018941,100000019777,100000020921,100000022963,110100618866,110100735369,110101173122,110101212760,110101212961,110101314366,110101471522,110101610768,110101616262,110101616563,110101618167
100000001231,100000001829,100000002241,100000004297,100000012715,100000013381,100000014191,100000014679,100000014973,100000015223,100000018259,100000019251,100000019507,100000020277,100000021427,100000021759,100000022481,100000022761,110101312724,110101373529,110102012123,110102173926,110102373224,110102471529,110102473724,110102473726,110102516127,110102773127,110102871220,110102873229,110103035961
100000001295,100000002371,100000012889,100000014981,100000016341,100000016637,100000016715,100000016831,110100218469,110100535669,110100635661,110100818965,110100835863,110101016528,110101073822,110101173324,110101173728,110101210025,110101217621,110101235165,110101273724,110101314368,110101410726,110101410923,110101518767,110101612223,110101710127,110101714960,110101810167,110101812321,110101814860
100000001343,100000006081,100000007079,100000016351,110100818061,110101573629,110101733867,110102471526,110103118867,110103373324,110103435866,110103914365,110104173022,110104312420,110104735161,110105612328,110105835368,110106518160,110106814568,110107914766,110108414560,110108918469,110109173125,110120033869,110120614362,110121816129,110123335468,110124371229,110124535161,110147612728,110171335967
100000001505,100000000013,100000000111,100000000127,100000000231,100000000371,100000000379,100000000393,100000000423,100000000459,100000000465,100000000471,100000000637,100000000695,100000000745,100000000755,100000000867,100000000949,100000000975,100000001023,100000001195,100000001215,100000001231,100000001295,100000001343,100000001445,100000001557,100000001575,100000001601,100000001683,100000001711
100000001557,100000000111,100000001215,100000001963,100000002111,100000002179,100000002307,100000003091,100000003611,100000004359,100000004453,100000004529,100000005091,100000005513,100000005649,100000005755,100000006005,100000006123,100000006397,100000006539,100000006569,100000006933,100000007073,100000007283,100000007329,100000007397,100000007457,100000007533,100000007639,100000007753,100000008481
100000001683,100000011573,110100073229,110100133766,110100471522,110100514169,110100612826,110100618563,110100673722,110100712426,110100735363,110100773324,110100873924,110100973325,110101116023,110101216521,110101514861,110101610623,110101635866,110101973524,110102035366,110102035969,110102233866,110102235162,110102235660,110102473022,110102473221,110102573322,110102618561,110102633068,110102635065
100000001711,100000000465,100000000745,100000002055,100000002199,100000003067,100000003483,100000003891,100000004867,100000005055,100000006333,100000007609,100000008483,100000010239,100000010247,100000011131,100000011427,100000011591,100000011653,100000011845,100000012133,100000012219,100000014423,100000014745,100000015129,100000015433,100000017255,100000017367,100000017469,100000017691,100000018141
100000001803,100000000755,100000001195,100000002245,100000002581,100000003941,100000005805,100000005955,100000008131,100000008565,100000012885,100000013669,100000014641,100000016219,100000017345,100000017505,100000018941,100000019777,100000020921,100000022963,110100618866,110100735369,110101173122,110101212760,110101212961,110101314366,110101471522,110101610768,110101616262,110101616563,110101618167
100000001955,100000006247,100000009049,100000013471,100000016861,110101073528,110101473429,110101616128,110101816628,110102718466,110102833063,110103218861,110103335168,110104018467,110104073322,110104416524,110104516026,110104816822,110105416423,110105816928,110107373824,110107412462,110107416328,110107635963,110107735864,110107810261,110107814960,110107818563,110108514362,110109435962,110109618060
100000001963,100000000111,100000001215,100000001557,100000002111,100000002179,100000002307,100000003091,100000003611,100000004359,100000004453,100000004529,100000005091,100000005513,100000005649,100000005755,100000006005,100000006123,100000006397,100000006539,100000006569,100000006933,100000007073,100000007283,100000007329,100000007397,100000007457,100000007533,100000007639,100000007753,100000008481
100000002111,100000000111,100000001215,100000001557,100000001963,100000002179,100000002307,100000003091,100000003611,100000004359,100000004453,100000004529,100000005091,100000005513,100000005649,100000005755,100000006005,100000006123,100000006397,100000006539,100000006569,100000006933,100000007073,100000007283,100000007329,100000007397,100000007457,100000007533,100000007639,100000007753,100000008481
100000002165,100000003559,100000004223,100000009771,100000012027,100000012235,100000017191,100000017965,100000019503,100000020213,100000022651,110102312225,110104014364,110104073429,110104435169,110104516120,110106616829,110107335169,110107835260,110109316120,110109773428,110120018565,110121635968,110122235265,110124235163,110146273527,110147673427,110165535461,110168235362,110168335761,110183473822
100000002179,100000000111,100000001215,100000001557,100000001963,100000002111,100000002307,100000003091,100000003611,100000004359,100000004453,100000004529,100000005091,100000005513,100000005649,100000005755,100000006005,100000006123,100000006397,100000006539,100000006569,100000006933,100000007073,100000007283,100000007329,100000007397,100000007457,100000007533,100000007639,100000007753,100000008481
100000002199,100000000465,100000000745,100000001711,100000002055,100000003067,100000003483,100000003891,100000004867,100000005055,100000006333,100000007609,100000008483,100000010239,100000010247,100000011131,100000011427,100000011591,100000011653,100000011845,100000012133,100000012219,100000014423,100000014745,100000015129,100000015433,100000017255,100000017367,100000017469,100000017691,100000018141
100000002215,100000010249,100000014949,100000023659,110100014563,110100018567,110100316225,110100373224,110100471225,110100614963,110100712925,110100835868,110100873925,110101135762,110101212225,110101610725,110101616329,110101718662,110102233767,110102318769,110102518364,110102714366,110102735360,110102816425,110103073021,110103233860,110103312325,110103371528,110103412227,110103418265,110103535760
100000002243,110107614362,110169433069,110184173323,110189473629,110325973323,110328971222,110348171225,110764935465,110775035965,110775718861,110779233068,110871417372,110874017679,110876610978,110932517472,110940317077,111100048751,111148446654,111152680810,111421313618,111421413096,111443116112,111447913294,111453716317,111455013093,112524065706,112525580905,112529565987,112535183501,112661065008
100000002245,100000000755,100000001195,100000001803,100000002581,100000003941,100000005805,100000005955,100000008131,100000008565,100000012885,100000013669,100000014641,100000016219,100000017345,100000017505,100000018941,100000019777,100000020921,100000022963,110100618866,110100735369,110101173122,110101212760,110101212961,110101314366,110101471522,110101610768,110101616262,110101616563,110101618167
100000002271,110100218963,110107316628,110108216222,110973010975,110978717673,111128013092,111129513211,111153585791,111825748759,111843146455,111849146057,112526983380,114790982935,114865953949,114868267642,114868567347,100000005739,100000010287,110100116029,110100273426,110100335662,110100514160,110100612321,110100614362,110100935966,110101217824,110102514265,110104416924,110104671228,110105416729
100000002307,100000000111,100000001215,100000001557,100000001963,100000002111,100000002179,100000003091,100000003611,100000004359,100000004453,100000004529,100000005091,100000005513,100000005649,100000005755,100000006005,100000006123,100000006397,100000006539,100000006569,100000006933,100000007073,100000007283,100000007329,100000007397,100000007457,100000007533,100000007639,100000007753,100000008481
100000002363,100000006857,100000012441,100000022389,110101918564,110102112920,110104416321,110105071220,110105071524,110105373027,110105935367,110106173529,110106373122,110107135269,110107510269,110107535460,110107835167,110108314860,110108910466,110108973320,110109535069,110109716125,110120118569,110120435466,110120514166,110122735362,110144773123,110147214727,110147216928,110148171222,110160033767
100000002371,100000001295,100000012889,100000014981,100000016341,100000016637,100000016715,100000016831,110100218469,110100535669,110100635661,110100818965,110100835863,110101016528,110101073822,110101173324,110101173728,110101210025,110101217621,110101235165,110101273724,110101314368,110101410726,110101410923,110101518767,110101612223,110101710127,110101714960,110101810167,110101812321,110101814860
100000002535,100000000231,100000009743,100000015153,110020771524,110100373324,110100435463,110100516923,110100635169,110101073925,110101312427,110101612767,110102812428,110103310422,110103316029,110103416322,110103573723,110103712428,110103810425,110103918764,110104035165,110104418469,110105073125,110105173927,110105273120,110105318964,110105573723,110105773225,110105918862,110106835662,110106835863
100000002581,100000000755,100000001195,100000001803,100000002245,100000003941,100000005805,100000005955,100000008131,100000008565,100000012885,100000013669,100000014641,100000016219,100000017345,100000017505,100000018941,100000019777,100000020921,100000022963,110100618866,110100735369,110101173122,110101212760,110101212961,110101314366,110101471522,110101610768,110101616262,110101616563,110101618167
100000002653,100000007367,100000017533,110103218368,110107618165,110121433863,110121635164,110165035267,110166135961,110166433866,110166735262,110166835467,110166933764,110167733867,110168118267,110168235068,110168435362,110168535569,110168635464,110168835162,110168935663,110169133766,110169335669,110169435065,110169435764,110169533861,110169535368,110169535567,110169633766,110169635269,110169733069
100000002811,100000006013,100000015053,110100014968,110100135560,110100135764,110100214160,110100214268,110100316421,110100335769,110100516723,110100873722,110101018068,110101735567,110102118363,110102718660,110102814562,110102835163,110103216125,110103273420,110103610226,110103612220,110103712528,110103716623,110104414768,110104416625,110104518968,110104718463,110105114167,110105118562,110105218762
100000002873,100000005125,100000021453,110104618567,110109416721,110123671028,110127435463,110302871225,110322773427,110329771027,110345973322,110347573320,110385310629,110385316820,110700833066,110702835061,110705535663,110706335567,110720433765,110723235262,110725533763,110725835363,110726135664,110774333762,110777833867,110778035464,110817310873,110818710876,110838975173,110840374678,110840817374
100000002879,100000008253,100000008529,110100033863,110100035569,110100373124,110100373323,110100418260,110100535765,110100816329,110100873726,110100933064,110101718568,110101773522,110102933769,110103012628,110103012926,110103216129,110103573424,110103816224,110103816921,110103971523,110104018068,110104212326,110104235768,110104335562,110104418063,110104573525,110104618068,110104714167,110105033069
100000003091,100000000111,100000001215,100000001557,100000001963,100000002111,100000002179,100000002307,100000003611,100000004359,100000004453,100000004529,100000005091,100000005513,100000005649,100000005755,100000006005,100000006123,100000006397,100000006539,100000006569,100000006933,100000007073,100000007283,100000007329,100000007397,100000007457,100000007533,100000007639,100000007753,100000008481
100000003097,100000000459,100000001445,100000006981,100000007955,100000008427,100000009463,100000013205,100000013499,100000014259,100000014383,100000016843,100000017177,100000017281,100000020301,100000023341,110020673328,110020773124,110101012725,110101016424,110101018269,110101018362,110101018862,110101073020,110101073129,110101210069,110101214466,110101216527,110101235966,110101273529,110101312828
100000003311,110101612427,110101673127,110102435969,110103673622,110104910169,110106933065,110121935363,110164233061,110167435160,110183473524,110300873427,110322673721,110325271227,110328371023,110328773127,110341271226,110348673325,110387371525,110701733760,110709735261,110720733067,110729233764,110768435265,110773333069,110775933769,110776935967,110778733765,110779035469,110779235467,110817410570
100000003461,111853746856,112609765500,110101873420,110103173422,110122016328,110140373325,110186573428,110704435963,110879317174,111128913116,111129512858,111145484694,111149613410,111150680818,111159113911,111453313891,111453713715,111459216115,111822948752,111847719653,112501265483,112501965200,112522083586,112522786603,112562269608,112600869387,112622365400,112626465004,112667965407,114127599138
100000003483,100000000465,100000000745,100000001711,100000002055,100000002199,100000003067,100000003891,100000004867,100000005055,100000006333,100000007609,100000008483,100000010239,100000010247,100000011131,100000011427,100000011591,100000011653,100000011845,100000012133,100000012219,100000014423,100000014745,100000015129,100000015433,100000017255,100000017367,100000017469,100000017691,100000018141
100000003559,100000002165,100000004223,100000009771,100000012027,100000012235,100000017191,100000017965,100000019503,100000020213,100000022651,110102312225,110104014364,110104073429,110104435169,110104516120,110106616829,110107335169,110107835260,110109316120,110109773428,110120018565,110121635968,110122235265,110124235163,110146273527,110147673427,110165535461,110168235362,110168335761,110183473822
100000003611,100000000111,100000001215,100000001557,100000001963,100000002111,100000002179,100000002307,100000003091,100000004359,100000004453,100000004529,100000005091,100000005513,100000005649,100000005755,100000006005,100000006123,100000006397,100000006539,100000006569,100000006933,100000007073,100000007283,100000007329,100000007397,100000007457,100000007533,100000007639,100000007753,100000008481
100000003639,100000022417,110102016124,110102735661,110103612724,110107514365,110108218762,110109571225,110120518667,110120914563,110122718061,110129616427,110187873320,110320173627,110700035669,110722218665,110811317074,110811317078,110819417976,110848417274,110917671278,110931610973,110945172178,110946872872,111143113510,111143785016,111145085392,111145480894,111145685498,111150780212,111150884414
100000003685,100000000423,100000007409,100000007785,100000010177,110100216329,110100218569,110100218662,110100335161,110100371520,110100971224,110101816829,110102173429,110102318762,110102518560,110102614268,110103116721,110103173124,110103335766,110103512423,110104433063,110104718768,110105135768,110105216428,110105318663,110105516325,110105571220,110105835168,110105835269,110105873027,110106035169
100000003805,110100573022,110101114268,110103612721,110108116223,110109512920,110129873728,110147816625,110173535767,110707418266,110709333866,110772235261,110847917172,110915017074,110919417073,110946372579,110948417172,110976317071,111120513717,111128448350,111143616312,111145446650,111151413194,111152713213,111158880798,111159585115,111159885198,111191416111,111192913692,111429816117,111801346557
100000003875,100000000127,110104216429,110104273627,110104712428,110105135566,110107473526,110141873422,110184673828,110702535263,110769312666,110811217475,110838974174,110910572771,110911917173,110936310876,110945271372,110946217972,111122948752,111128713311,111142646750,111143913713,111145013119,111150113219,111151513291,111154312659,111154346151,111154446151,111154548556,111154913317,111156280012
100000003891,100000000465,100000000745,100000001711,100000002055,100000002199,100000003067,100000003483,100000004867,100000005055,100000006333,100000007609,100000008483,100000010239,100000010247,100000011131,100000011427,100000011591,100000011653,100000011845,100000012133,100000012219,100000014423,100000014745,100000015129,100000015433,100000017255,100000017367,100000017469,100000017691,100000018141
100000003941,100000000755,100000001195,100000001803,100000002245,100000002581,100000005805,100000005955,100000008131,100000008565,100000012885,100000013669,100000014641,100000016219,100000017345,100000017505,100000018941,100000019777,100000020921,100000022963,110100618866,110100735369,110101173122,110101212760,110101212961,110101314366,110101471522,110101610768,110101616262,110101616563,110101618167
100000004163,110729135261,114620852040,114721482134,100000000231,100000002535,100000009743,100000015153,110020771524,110100373324,110100435463,110100516923,110100635169,110101073925,110101212129,110101312427,110101612767,110102812428,110103310422,110103316029,110103416322,110103573723,110103712428,110103810425,110103918764,110104035165,110104418469,110105073125,110105173927,110105273120,110105318964
100000004223,100000002165,100000003559,100000009771,100000012027,100000012235,100000017191,100000017965,100000019503,100000020213,100000022651,110102312225,110104014364,110104073429,110104435169,110104516120,110106616829,110107335169,110107835260,110109316120,110109773428,110120018565,110121635968,110122235265,110124235163,110146273527,110147673427,110165535461,110168235362,110168335761,110183473822
100000004277,110102012329,110123333867,110125333068,110140371220,110140873128,110141771524,110142873725,110147015125,110147016725,110169433063,110173318960,110769035269,110778935966,110838977575,110870310974,110912610970,110917872276,110932017877,110932817170,110935372074,111120613695,111141148759,111142413090,111143513899,111143613810,111144913795,111149416119,111149616997,111158516998,111190716116
100000004297,100000001231,100000001829,100000002241,100000012715,100000013381,100000014191,100000014679,100000014973,100000015223,100000018259,100000019251,100000019507,100000020277,100000021427,100000021759,100000022481,100000022761,110101312724,110101373529,110102012123,110102173926,110102373224,110102471529,110102473724,110102473726,110102516127,110102773127,110102871220,110102873229,110103035961
100000004303,110147416026,110328073324,110347473728,110722933760,110768735960,110916410876,110932617078,110939117470,111158413118,111803246751,112524380589,112605769605,114127596038,114715082730,114715580534,114716280234,114803567247,100000000111,100000001215,100000001557,100000001963,100000002111,100000002179,100000002307,100000003091,100000003611,100000004359,100000004453,100000004529,100000005091
100000004317,100000000393,100000012931,100000020599,110100273825,110100335267,110100418369,110100518264,110100712727,110100935462,110101118767,110101210461,110101212568,110101212927,110101273028,110101273826,110101373824,110101435960,110101516321,110101612425,110101616522,110101635063,110102418265,110102435468,110102612327,110102718168,110102733061,110103014161,110103114566,110103335262,110103471227
100000004319,100000004307,100000006395,100000006605,100000012719,100000014315,100000021457,100000021783,100000022357,110020671528,110100014168,110100016128,110100016422,110100018268,110100071228,110100214961,110100235669,110100335060,110100371225,110100412420,110100418165,110100433869,110100435160,110100435467,110100473728,110100512322,110100512326,110100514166,110100516222,110100518068,110100673828
100000004359,100000000111,100000001215,100000001557,100000001963,100000002111,100000002179,100000002307,100000003091,100000003611,100000004453,100000004529,100000005091,100000005513,100000005649,100000005755,100000006005,100000006123,100000006397,100000006539,100000006569,100000006933,100000007073,100000007283,100000007329,100000007397,100000007457,100000007533,100000007639,100000007753,100000008481
100000004429,110100233069,110101673422,110104214360,110106035961,110108535769,110122073020,110122673324,110171235364,110174435463,110177235161,110184473928,110187673420,110305273125,110323373326,110387673129,110831017377,110838310877,110840372871,110845417670,110918217875,110918310877,110918817778,110941172477,110948071475,110975517178,111109246053,111120213090,111120413091,111120646858,111122013810
100000004453,100000000111,100000001215,100000001557,100000001963,100000002111,100000002179,100000002307,100000003091,100000003611,100000004359,100000004529,100000005091,100000005513,100000005649,100000005755,100000006005,100000006123,100000006397,100000006539,100000006569,100000006933,100000007073,100000007283,100000007329,100000007397,100000007457,100000007533,100000007639,100000007753,100000008481
100000004529,100000000111,100000001215,100000001557,100000001963,100000002111,100000002179,100000002307,100000003091,100000003611,100000004359,100000004453,100000005091,100000005513,100000005649,100000005755,100000006005,100000006123,100000006397,100000006539,100000006569,100000006933,100000007073,100000007283,100000007329,100000007397,100000007457,100000007533,100000007639,100000007753,100000008481
100000004867,100000000465,100000000745,100000001711,100000002055,100000002199,100000003067,100000003483,100000003891,100000005055,100000006333,100000007609,100000008483,100000010239,100000010247,100000011131,100000011427,100000011591,100000011653,100000011845,100000012133,100000012219,100000014423,100000014745,100000015129,100000015433,100000017255,100000017367,100000017469,100000017691,100000018141
100000005007,100000001575,100000008119,100000015659,100000022129,100000022801,110103035263,110120011361,110120035369,110120614764,110124935967,110126635161,110127235468,110127735162,110127835261,110128035268,110129335167,110129635962,110140073123,110141216827,110141473828,110141971029,110142371223,110143271023,110144473820,110144773329,110145371225,110146273520,110146816121,110147116426,110147210324
100000005091,100000000111,100000001215,100000001557,100000001963,100000002111,100000002179,100000002307,100000003091,100000003611,100000004359,100000004453,100000004529,100000005513,100000005649,100000005755,100000006005,100000006123,100000006397,100000006539,100000006569,100000006933,100000007073,100000007283,100000007329,100000007397,100000007457,100000007533,100000007639,100000007753,100000008481
100000005125,100000021453,110104618567,110123671028,110127435463,110302871225,110322773427,110329771027,110345973322,110347573320,110385310629,110385316820,110700833066,110702835061,110705535663,110706335567,110720433765,110723235262,110725533763,110725835363,110726135664,110774333762,110777833867,110778035464,110817310873,110818710876,110838975173,110840374678,110840817374,110842517372,110845210878
100000005513,100000000111,100000001215,100000001557,100000001963,100000002111,100000002179,100000002307,100000003091,100000003611,100000004359,100000004453,100000004529,100000005091,100000005649,100000005755,100000006005,100000006123,100000006397,100000006539,100000006569,100000006933,100000007073,100000007283,100000007329,100000007397,100000007457,100000007533,100000007639,100000007753,100000008481
100000005649,100000000111,100000001215,100000001557,100000001963,100000002111,100000002179,100000002307,100000003091,100000003611,100000004359,100000004453,100000004529,100000005091,100000005513,100000005755,100000006005,100000006123,100000006397,100000006539,100000006569,100000006933,100000007073,100000007283,100000007329,100000007397,100000007457,100000007533,100000007639,100000007753,100000008481
100000005719,100000013461,110123735860,110167418269,110167433066,110168033864,110168135166,110168335865,110168935163,110183171525,110183173128,110183273222,110183473124,110183573321,110183616429,110183673428,110183716427,110183773129,110183773222,110183871529,110183873021,110307073025,110309273925,110835010974,110844117272,110845817673,110849617674,110935017374,110935117278,110935210874,110935317377
